   |001|002|003|004|005|006|007|008|
---+---+---+---+---+---+---+---+---+
001| * | 1 | 0 | 0 | 0 | 0 | 0 | 0 |
---+---+---+---+---+---+---+---+---+
002| 1 | 1 | 0 | 0 | 0 | 0 | 0 | 0 |
---+---+---+---+---+---+---+---+---+
003| 0 | 0 | 0 | 0 | 0 | 0 | 0 | 0 |
---+---+---+---+---+---+---+---+---+
004| 0 | 1 | 2 | 2 | 1 | 0 | 1 | 1 |
---+---+---+---+---+---+---+---+---+
005| 1 | 2 | * | * | 1 | 0 | 0 | * |
---+---+---+---+---+---+---+---+---+
006| * | 2 | 2 | 2 | 1 | 0 | 1 | 1 |
---+---+---+---+---+---+---+---+---+
3 2
   |001|002|003|004|005|006|007|008|
---+---+---+---+---+---+---+---+---+
001|   | 1 | 0 | 0 | 0 | 0 | 0 | 0 |
---+---+---+---+---+---+---+---+---+
002| 1 | 1 | X | X | 0 | 0 | 0 | 0 |
---+---+---+---+---+---+---+---+---+
003| 0 | 0 | 0 | X | 0 | 0 | 0 | 0 |
---+---+---+---+---+---+---+---+---+
004| 0 | 1 | 2 | 2 | 1 | 0 | 1 | 1 |
---+---+---+---+---+---+---+---+---+
005|   |   |   |   | 1 | 0 | 0 |   |
---+---+---+---+---+---+---+---+---+
006|   |   |   |   | 1 | 0 | 1 |   |
---+---+---+---+---+---+---+---+---+

---+---+---+---+---+---+---+---+---+
001| 0 | 0 | 0 | 0 | 0 | 0 | 1 | 1 |
---+---+---+---+---+---+---+---+---+
002| 0 | 0 | 0 | 0 | 0 | 1 | 1 | * |
---+---+---+---+---+---+---+---+---+
003| 1 | 1 | 0 | 0 | 0 | 0 | * | 2 |
---+---+---+---+---+---+---+---+---+
004| * | 1 | 0 | 0 | 0 | 2 | 2 | 2 |
---+---+---+---+---+---+---+---+---+
005| 2 | 2 | 1 | 0 | 0 | 0 | * | 1 |
---+---+---+---+---+---+---+---+---+
006| 1 | * | 1 | 0 | 0 | 1 | 1 | 1 |
---+---+---+---+---+---+---+---+---+


//troubleling positions: 3, 4 && 4, 5
005|001|002|003|004|005|006|007|008|
---+---+---+---+---+---+---+---+---+
001| 0 | 0 | 0 | 0 | 0 | 0 | 0 | 0 |
---+---+---+---+---+---+---+---+---+
002| 0 | 0 | 0 | 1 | 1 | 1 | 0 | 0 |
---+---+---+---+---+---+---+---+---+
003| 0 | 0 | 0 | 1 | * | 2 | 1 | 1 |
---+---+---+---+---+---+---+---+---+
004| 0 | 0 | 0 | 1 | 2 | 3 | * | 1 |
---+---+---+---+---+---+---+---+---+
005| 1 | 1 | 1 | 0 | 1 | * | 3 | 2 |
---+---+---+---+---+---+---+---+---+
006| 1 | * | 1 | 0 | 1 | 2 | * | 1 |
---+---+---+---+---+---+---+---+---+


missing functionalities:
// alternative checkAround/revealZeroes code (move cx/cy around as ypu check positions)
// revealAround should check if flags correspond number to work

vscode multicursor (alt+left click)